-97.809599875 30.28813559
-97.71513366 30.33098505
-97.68844447 30.37744669
-97.76725947 30.20773635
-97.7386929 30.2198534
-97.72179704 30.39125537
-97.70984352 30.32446182
-97.83308684 30.23246776
-97.81541931 30.26659234
-97.8177632 30.2707841
-97.71529645 30.40474763
-97.75951266 30.22713688
-97.79865145 30.34435572
-97.74435387 30.37888863
-97.72156477 30.40521398
-97.83308684 30.22246776
-97.73797598 30.3463221
-97.70473659 30.33389783
-97.7473549 30.3574835
-97.83701437 30.23163762
-97.76266694 30.25533713
-97.74190128 30.2860817
-97.7575626 30.25074999
-97.7675626 30.2759925
-97.66630054 30.20206732
-97.74987659 30.24943437
-97.73647517 30.26737943
-97.733833195 30.268584045
-97.74003983 30.28490973
-97.74056927 30.29942752
-97.72916079 30.27709931
-97.73999062 30.26518603
-97.74937345 30.27051508
-97.75649067 30.26406598
-97.74315119 30.26632307
-97.74945974 30.3949398
-97.7287819 30.26425153
-97.66682625 30.2021415
-97.73781627 30.26070515
-97.74064064 30.26608214
